"0","age <- c(, , , )"
"2","Error in c(, , , ) : argument 1 is empty
"
